0 453 0 261 590 
1 453 0 261 591 
2 453 0 261 591 
3 453 0 261 591 
4 453 0 261 591 
5 458 0 260 585 
6 458 0 259 586 
7 459 0 261 577 
8 460 0 260 577 
9 461 0 262 581 
10 462 0 262 582 
11 481 0 237 575 
12 481 0 238 575 
13 477 3 246 574 
14 477 3 247 574 
15 470 10 255 564 
16 470 10 254 563 
17 467 11 261 562 
18 467 11 261 562 
19 451 27 284 556 
20 452 28 284 556 
21 448 28 308 559 
22 449 27 307 559 
23 447 36 303 546 
24 447 36 303 545 
25 507 58 268 526 
26 507 58 268 525 
27 446 49 316 548 
28 446 49 316 548 
29 494 62 285 530 
30 495 62 284 530 
31 491 71 294 521 
32 491 71 295 521 
33 501 78 288 520 
34 501 78 288 520 
35 
36 
37 538 89 236 555 
38 538 89 236 556 
39 545 102 226 539 
40 545 102 226 539 
41 532 96 236 555 
42 532 96 236 555 
43 545 91 212 563 
44 546 91 212 562 
45 537 91 224 561 
46 537 90 224 562 
47 540 91 222 563 
48 540 91 222 563 
49 550 91 214 575 
50 549 91 215 575 
51 560 91 199 564 
52 560 91 200 564 
53 571 102 193 544 
54 571 102 193 545 
55 580 100 181 546 
56 580 101 181 545 
57 578 88 187 567 
58 577 88 187 567 
59 570 76 197 529 
60 570 76 197 529 
61 561 84 207 508 
62 561 84 207 508 
63 576 80 189 510 
64 576 80 189 510 
65 581 78 189 515 
66 581 78 189 515 
67 579 77 192 512 
68 579 77 191 511 
69 577 66 196 534 
70 577 66 196 534 
71 574 63 196 531 
72 574 63 196 531 
73 567 51 199 537 
74 567 51 199 536 
75 606 46 159 528 
76 606 46 159 528 
77 619 35 148 542 
78 619 35 148 541 
79 615 26 155 544 
80 615 26 155 545 
81 623 25 144 552 
82 623 25 144 552 
83 621 18 149 563 
84 621 17 148 564 
85 
86 
87 617 17 154 550 
88 616 18 155 548 
89 
90 
91 
92 
93 603 6 166 494 
94 604 6 164 494 
95 606 0 156 500 
96 605 0 156 500 
97 630 0 124 481 
98 630 0 124 481 
99 
100 
101 
102 
103 
104 
105 
106 
107 
108 
109 
110 
111 
112 
113 626 0 129 463 
114 626 0 129 462 
115 
116 
117 592 0 175 492 
118 591 0 175 492 
119 587 0 180 498 
120 587 0 180 498 
121 586 0 179 500 
122 585 0 180 499 
123 592 0 169 490 
124 592 0 169 489 
125 577 0 183 485 
126 576 0 183 485 
127 560 0 179 490 
128 560 0 179 489 
129 558 0 178 489 
130 558 0 178 490 
131 547 0 183 482 
132 547 0 183 482 
133 538 7 193 467 
134 538 7 193 467 
135 
136 
137 
138 
139 501 0 199 490 
140 501 0 199 491 
141 486 0 225 487 
142 486 0 225 487 
143 471 0 237 493 
144 471 0 237 493 
145 495 0 204 512 
146 494 0 204 512 
147 493 0 199 510 
148 493 0 199 510 
149 
150 
151 506 9 193 536 
152 506 9 193 536 
153 500 10 198 533 
154 500 10 198 533 
155 492 15 215 520 
156 492 15 215 519 
157 491 12 208 528 
158 492 12 208 530 
159 479 14 220 526 
160 479 14 221 526 
161 479 18 220 524 
162 479 18 221 524 
163 493 21 203 526 
164 494 20 202 527 
165 496 31 194 517 
166 496 31 194 517 
167 483 27 203 533 
168 483 27 203 533 
169 479 24 207 536 
170 481 24 205 536 
171 479 35 211 531 
172 479 36 211 530 
173 478 42 209 530 
174 478 42 209 531 
175 484 44 202 529 
176 484 44 202 530 
177 484 54 201 516 
178 484 54 201 516 
179 506 53 174 517 
180 506 54 175 516 
181 492 58 186 517 
182 492 58 186 517 
183 493 56 185 521 
184 493 57 185 521 
185 487 63 193 521 
186 487 63 193 521 
187 484 67 194 514 
188 483 67 194 514 
189 486 75 187 511 
190 485 75 187 511 
191 496 75 175 509 
192 496 75 175 509 
193 488 78 189 505 
194 488 78 189 506 
195 480 80 194 511 
196 480 80 194 511 
197 479 80 201 516 
198 479 80 201 517 
199 474 75 206 530 
200 474 75 206 529 
201 477 79 200 524 
202 477 78 200 526 
203 487 76 184 531 
204 487 76 183 531 
205 513 101 164 542 
206 511 102 166 538 
207 502 103 174 539 
208 503 103 173 537 
209 505 118 169 521 
210 505 118 169 522 
211 502 126 177 511 
212 502 126 176 511 
213 510 116 166 532 
214 510 115 167 533 
215 509 121 167 536 
216 508 120 168 539 
217 505 118 171 548 
218 505 119 170 548 
219 507 112 165 553 
220 508 112 165 553 
221 515 115 162 543 
222 515 114 162 546 
223 508 113 169 544 
224 508 113 169 545 
225 510 107 172 553 
226 510 107 173 553 
227 505 100 174 567 
228 506 99 173 567 
229 498 97 181 567 
230 499 97 181 566 
231 508 100 174 564 
232 508 100 174 565 
233 517 108 166 554 
234 517 108 167 554 
235 521 108 163 555 
236 522 107 162 557 
237 524 110 160 548 
238 524 110 159 549 
239 523 111 160 539 
240 524 112 159 539 
241 
242 
243 532 103 144 448 
244 532 103 144 448 
245 521 109 164 535 
246 519 110 165 535 
247 
248 
249 
250 
251 531 103 146 442 
252 531 103 146 442 
253 536 93 140 454 
254 536 93 139 455 
255 536 95 140 456 
256 536 95 140 456 
257 
258 
259 536 86 138 466 
260 536 86 138 466 
261 532 89 142 455 
262 532 89 142 455 
263 531 87 141 465 
264 531 87 141 466 
265 515 82 167 509 
266 515 82 167 509 
267 513 74 170 521 
268 513 75 170 521 
269 514 73 178 513 
270 514 72 179 513 
271 512 66 189 516 
272 512 66 189 515 
273 511 64 195 512 
274 511 63 195 513 
275 511 66 198 522 
276 512 66 198 522 
277 512 70 196 508 
278 512 70 196 508 
279 506 73 208 503 
280 506 73 209 504 
281 508 74 210 502 
282 508 74 209 502 
283 502 70 218 508 
284 502 70 217 508 
285 502 70 213 502 
286 502 70 213 502 
287 498 68 220 498 
288 498 68 221 498 
289 503 69 214 494 
290 503 69 214 493 
291 508 70 204 492 
292 508 71 204 492 
293 505 69 210 489 
294 505 69 211 489 
295 516 61 191 499 
296 516 62 192 498 
297 520 65 185 491 
298 520 65 185 491 
299 511 64 197 495 
300 511 64 197 495 
301 512 63 197 487 
302 512 63 196 486 
303 521 55 180 489 
304 520 55 181 489 
305 515 51 190 483 
306 515 51 191 483 
307 515 48 189 493 
308 515 48 189 492 
309 507 46 197 488 
310 507 45 196 490 
311 508 40 196 498 
312 509 40 194 499 
313 514 31 181 517 
314 514 31 181 516 
315 519 32 174 505 
316 519 31 176 504 
317 513 33 186 498 
318 511 33 188 498 
319 514 35 181 499 
320 514 35 181 499 
321 510 31 186 508 
322 510 30 185 510 
323 503 33 199 501 
324 503 33 200 501 
325 504 27 197 514 
326 503 27 198 514 
327 509 23 186 515 
328 507 24 188 513 
329 512 37 169 418 
330 511 37 169 416 
331 511 27 167 438 
332 510 28 168 437 
333 503 16 190 534 
334 504 16 189 535 
335 504 35 175 418 
336 504 35 175 418 
337 501 32 178 427 
338 501 32 178 427 
339 498 29 180 439 
340 498 28 180 442 
341 497 27 179 438 
342 497 26 179 440 
343 494 31 182 427 
344 494 32 182 426 
345 494 36 182 418 
346 494 36 182 416 
347 497 37 181 415 
348 497 37 181 415 
349 498 33 179 416 
350 498 32 178 416 
351 501 28 174 422 
352 501 28 174 422 
353 499 35 177 403 
354 499 34 177 404 
355 503 34 172 409 
356 503 34 171 408 
357 506 22 171 435 
358 506 22 171 433 
359 500 24 172 417 
360 500 24 172 416 
361 506 24 167 409 
362 506 24 168 409 
363 507 20 163 407 
364 507 19 164 408 
365 507 8 159 415 
366 508 8 158 415 
367 510 7 152 423 
368 510 6 152 425 
369 510 6 152 425 
370 510 6 152 425 
371 515 13 153 401 
372 515 12 152 402 
373 515 11 152 403 
374 515 11 153 403 
375 515 11 153 403 
376 515 11 153 403 
377 515 11 153 403 
378 515 11 153 403 
379 
380 
381 
382 
383 
384 
385 
386 
387 
388 
389 
390 
391 
392 
393 
394 
395 
396 
397 
398 
399 632 123 212 494 
400 632 123 212 495 
401 637 126 207 486 
402 637 126 207 487 
403 645 132 200 485 
404 646 131 201 487 
405 649 133 204 496 
406 649 132 204 497 
407 644 124 210 511 
408 643 124 211 511 
409 640 121 220 518 
410 640 121 220 517 
411 
412 
413 
414 
415 
416 
417 
418 
419 
420 
421 
422 
423 
424 
425 640 95 218 495 
426 640 95 218 495 
427 
428 
429 
430 
431 
432 
433 
434 
435 
436 
437 
438 
439 
440 
441 
442 
443 671 94 191 583 
444 671 94 191 582 
445 677 85 191 595 
446 677 85 191 596 
447 676 81 192 596 
448 676 80 191 597 
449 677 75 192 608 
450 677 75 192 607 
451 
452 
453 672 80 192 511 
454 672 80 191 511 
455 661 76 200 512 
456 661 77 200 511 
457 659 71 198 522 
458 659 71 198 522 
459 658 64 196 527 
460 658 64 195 527 
461 665 59 183 536 
462 665 59 183 536 
463 656 64 186 520 
464 657 64 186 520 
465 670 53 170 530 
466 670 53 170 530 
467 675 47 166 529 
468 675 46 166 530 
469 667 48 181 539 
470 667 48 181 539 
471 693 40 158 542 
472 693 40 157 542 
473 696 37 157 548 
474 695 36 158 548 
475 670 41 185 534 
476 670 40 185 536 
477 672 35 183 541 
478 673 36 182 541 
479 667 32 185 545 
480 668 32 185 544 
481 663 28 187 556 
482 663 28 186 556 
483 654 27 201 552 
484 654 27 199 552 
485 649 32 207 541 
486 651 31 206 541 
487 650 26 206 540 
488 651 26 204 540 
489 665 9 190 562 
490 664 9 190 562 
491 668 7 189 560 
492 667 7 190 559 
493 675 7 179 562 
494 675 8 180 560 
495 672 8 183 561 
496 673 9 182 561 
497 664 13 190 551 
498 664 14 191 551 
499 655 9 198 562 
500 659 4 196 566 
501 656 10 200 554 
502 656 10 200 554 
503 641 7 218 558 
504 641 7 218 557 
505 645 7 210 556 
506 644 6 210 556 
507 
508 
509 
510 
511 
512 
513 
514 
515 
516 
517 
518 
519 
520 
521 
522 
523 
524 
525 
526 
